1 2394 2441
2 619 2483
3 1250 2222
4 188 1367
5 2437 444
6 2950 1106
7 1889 928
8 2676 2172
9 1799 1222
10 2463 2320
11 2035 2090
12 1542 2178
13 2660 409
14 1929 336
15 2767 171
16 2264 1301
17 1056 1011
18 557 2442
19 2801 2153
20 2516 92
21 1291 1058
22 2649 2395
23 233 1254
24 509 1235
25 2205 1874
26 1124 2685
27 1872 2335
28 2040 1844
29 1439 310
30 260 2728
31 2653 2739
32 935 1998
33 1575 1056
34 1707 2780
35 416 1042
36 1350 1666
37 2794 1886
38 1616 2104
39 1041 1932
40 1108 945
41 440 1428
42 2437 696
43 2721 1222
44 48 1285
45 617 1838
46 1725 2612
47 2861 1702
48 2060 109
